00000000
00000000
01000000
00011010
00111010
00000000
00000000
00000000
0.432432432432
0.0855614973262

00000000
10000010
00010100
00000001
01000000
00000000
10000000
00000100
0.36
0.0954773869347

00000000
00000101
00010010
00000100
01000010
01000000
10000000
00000000
0.472222222222
0.0904255319149

00011000
10010001
00000000
00000000
00000000
00100100
10000000
00000101
0.357142857143
0.112244897959

00010001
00000000
10001000
00000001
00000100
01001100
00000000
00000000
0.310344827586
0.112820512821

00100010
00000000
00010000
00000000
00100010
00000000
10000000
01000000
0.36
0.0753768844221

01000000
00001001
00000000
00000000
01010010
00010000
00000000
10000000
0.321428571429
0.0969387755102

01001000
00100000
00010000
00000000
00000000
00000010
00100011
00000000
0.4
0.0793650793651

10000000
10000000
00000000
00100000
00100000
00000000
00000000
00001010
0.375
0.0625

00000000
00000100
00000000
00000001
00000000
00000000
01100000
01100100
0.391304347826
0.0746268656716

00000000
00000100
00000000
11010001
11000000
00000000
01001000
10000000
0.44
0.120603015075

00001000
00000000
00010000
00000100
00000100
00101000
00001000
00100000
0.333333333333
0.103092783505

01000000
00000000
00000000
00000100
10010000
00010001
01000000
00000000
0.285714285714
0.0935960591133

00000000
00000000
00001000
00000000
10000000
00000001
10100000
00000100
0.333333333333
0.0717703349282

00001000
00000011
00000000
00000000
00000001
00010000
00000000
00000001
0.28
0.0603015075377

01000000
00000000
00000000
00100000
00000010
00000010
00000100
01000000
0.346153846154
0.0656565656566

00000000
00000000
00000000
00000001
10000000
01000000
00100010
00000010
0.391304347826
0.0597014925373

00010001
00000000
01000000
00000000
00100000
00000100
00000000
00000100
0.3
0.0686274509804

00001000
00000000
10000100
10000010
00000000
00000000
00010000
00000000
0.333333333333
0.0728155339806

00000000
10000010
00000100
00001010
00001000
00000000
00000000
00000000
0.423076923077
0.0606060606061

00000000
00000000
00000000
00100100
01000000
00000010
01000001
11000000
0.444444444444
0.0812182741117

00001000
00000100
00000000
10000010
00000000
10001000
00000100
00000000
0.363636363636
0.0841584158416

00010001
00000100
00000010
00001000
00000000
00100000
00000000
00110000
0.322580645161
0.0880829015544

01110001
00000000
00000000
00000010
01000000
00101000
00000010
00000000
0.388888888889
0.0904255319149

00000000
00000000
00010100
00100000
00000000
00000000
10000001
00010000
0.368421052632
0.0682926829268

00000000
00010001
01010000
00000000
00000000
00000000
01000000
10100000
0.47619047619
0.0689655172414

00000000
00001000
10000000
00001000
00000010
00000100
00000100
00000000
0.304347826087
0.0796019900498

10000000
00000000
00000000
00000000
01010100
00000100
01000000
00010000
0.380952380952
0.0837438423645

10011000
00000100
00000000
00001000
00000000
01010000
00001000
00000000
0.4
0.0904522613065

00000000
00100000
00000000
00000000
00000000
01000110
00000110
00000000
0.344827586207
0.0717948717949

00010000
10000100
11010001
00110000
00000000
10000000
00000000
00000000
0.423076923077
0.121212121212

00100000
10000000
00000000
00101000
00000000
00000010
10000110
00000000
0.344827586207
0.0974358974359

00000001
00000000
00000000
00100000
10000000
00100000
01000000
01010000
0.421052631579
0.0731707317073

00000010
10000000
00000100
00000010
00000000
00001000
00001000
00001000
0.333333333333
0.0812182741117

00000000
00000001
00000000
00000000
00000000
01000000
01001010
11000000
0.391304347826
0.0746268656716

00000100
00001000
01000000
01000000
00000000
00000000
00100000
10000010
0.363636363636
0.0792079207921

00100001
00000100
10000000
00001000
00000000
00000000
00000011
00100010
0.363636363636
0.0890052356021

00000100
01000000
00100000
00000001
00000000
00000000
00000100
00001001
0.375
0.07

00000010
00000000
00000000
00100000
00100010
10010000
01000000
00001000
0.366666666667
0.0927835051546

00000010
00000000
01100000
00000000
00000000
00001000
00011000
00000000
0.333333333333
0.075

00001000
00010011
00110100
00100000
00000000
00000000
00000000
00000001
0.405405405405
0.0909090909091

00001000
01000010
00000000
01000000
00000000
00000000
00000001
10000000
0.3
0.0686274509804

00000011
00001010
00000100
00100000
00010000
00000000
00000000
01000001
0.472222222222
0.0691489361702

00000000
00000000
00000000
10000001
01101000
00001000
00000000
10000000
0.368421052632
0.0829268292683

00110000
01000000
00101000
00000000
00010000
00000000
00100000
01100000
0.433333333333
0.0979381443299

00010000
00000001
01000010
00010000
00000000
00100000
00100010
10000000
0.333333333333
0.106382978723

00100000
00000000
00010000
01100000
11000000
00000000
00000000
00000000
0.470588235294
0.0676328502415

00000000
00000000
10000001
00000100
00000000
00011000
00111001
00000000
0.375
0.109375

00000000
00001000
00100001
00000000
00100000
00001000
00100100
00001000
0.322580645161
0.103626943005

00000000
00000101
00000000
01001000
00000000
00000000
10000100
00010000
0.318181818182
0.0891089108911

00000000
01000001
00000011
00000100
01000000
00000000
01000010
01000000
0.378378378378
0.101604278075

00000000
10010000
00000000
00000000
00000000
00100001
00000111
00001001
0.454545454545
0.0785340314136

00010000
00000010
00000000
00010000
00000000
10100000
00000010
10001000
0.321428571429
0.0918367346939

00100000
00010000
00000001
00000000
00000001
10010000
00000000
01000000
0.333333333333
0.0788177339901

00000010
01000000
00000000
00000000
00000000
00000000
00100100
00001001
0.363636363636
0.0594059405941

00000000
10000000
00000001
00010001
01000001
00010000
00000000
00000000
0.260869565217
0.089552238806

00000000
10000100
00000010
00000000
00000001
00001011
01000001
00100000
0.45
0.0923913043478

00000000
00001100
00001100
00000010
01000000
00000000
01100000
00010000
0.388888888889
0.11170212766

10000100
00000000
00000000
00000010
00100001
00010000
00000000
01000000
0.416666666667
0.065

00000000
00000000
00000000
01000000
00101001
00100000
00000000
01000000
0.380952380952
0.0689655172414

10000000
00000001
00000000
00000100
00000100
00000000
00001000
00001000
0.263157894737
0.0731707317073

00001000
00000010
00000000
00000000
01100001
00000001
00000000
00000000
0.28
0.070351758794

00000000
00000000
10000100
00010100
00000000
00100000
00000100
00010100
0.346153846154
0.10101010101

00000000
01000000
00000001
10000010
00000000
00000000
00000001
00010000
0.380952380952
0.0591133004926

01000000
00010100
10000000
00100001
00000000
00000000
00000000
01100100
0.346153846154
0.106060606061

00000000
00010000
00110000
00010000
00100010
10000010
00000000
00100100
0.35
0.125

00000001
00000011
00000000
00000000
00000010
00001001
01000011
00000000
0.418604651163
0.0718232044199

00000100
01010001
00000000
00000000
00000100
10000000
00001000
10000000
0.318181818182
0.0990099009901

00000001
00000000
00100000
00000000
00100000
01001000
00100000
00000001
0.36
0.0753768844221

01000000
00000100
00000001
00000000
00001010
00000000
00001000
00000000
0.32
0.070351758794

01000000
00000000
00000000
00000000
00000001
10000000
00100100
00000001
0.294117647059
0.0676328502415

00010000
00001000
00000000
01001010
00010000
00000001
00000011
00000000
0.4
0.0923913043478

00000000
00000000
00000000
10000010
01000111
00000110
00000000
00000000
0.527777777778
0.0585106382979

10000100
00001100
00001100
00000000
00000000
00000000
00000000
00000010
0.416666666667
0.07

00000001
00000000
00000000
00100001
00000000
00010100
01110000
00000000
0.366666666667
0.0927835051546

00010000
00100000
00110000
00000000
00000000
00010010
00000100
01000100
0.371428571429
0.10582010582

00100000
00000000
00100000
00001010
00000010
00000000
00000000
10000001
0.321428571429
0.0714285714286

10000100
00100011
00001000
01000000
00010000
00000000
01000000
00000010
0.324324324324
0.122994652406

00000000
00000010
01000000
00110000
01110000
00000000
00000000
00000000
0.448275862069
0.0769230769231

00000000
00010000
10000100
00100000
00000001
00000000
00000010
00001000
0.269230769231
0.0909090909091

00000000
00000001
01000010
00000110
00100000
01100100
00000000
01000000
0.380952380952
0.120879120879

11000001
00000000
00000100
00000010
00000001
00000000
00000000
00000010
0.44
0.0502512562814

00001000
00010000
00000100
00001010
00000010
00000001
01000000
00000000
0.444444444444
0.0744680851064

00100000
00000101
00000100
00000001
00000000
01000000
00000000
00001000
0.32
0.0804020100503

00000010
01000000
00000100
11000000
00000000
01000100
00000000
00000000
0.318181818182
0.0940594059406

00110000
10000010
00101010
00010000
10000000
00010000
00000000
00000000
0.388888888889
0.117021276596

00000001
00010100
00000000
00000000
01000000
00000000
00000100
00000100
0.333333333333
0.0689655172414

00000000
00110001
00100000
01000000
01000000
00000000
00000101
00000000
0.366666666667
0.0979381443299

00100000
01000000
00000010
00000000
00000001
00100000
00100001
00000011
0.378378378378
0.0855614973262

01000000
00000001
00100011
00000100
00000001
00000000
00000000
00000000
0.379310344828
0.0666666666667

00000000
10000000
00000000
00000000
10100001
00001000
01000000
00000000
0.333333333333
0.0765550239234

00000001
10000001
00000000
00000000
00000100
00000010
00010100
01000000
0.392857142857
0.0816326530612

00000100
00010000
00000000
10000000
00000010
00011000
00000010
00000110
0.324324324324
0.106951871658

00001000
00000000
00100000
00000000
10001000
00010000
00000000
00100100
0.333333333333
0.0837438423645

00001010
00100010
10000000
00000001
00000010
00000000
00000000
00100000
0.393939393939
0.0732984293194

00010001
00000000
00010000
00000100
01100000
00010001
00000000
00000000
0.310344827586
0.0974358974359

00000000
00000000
00010000
10000001
00000010
00001000
10000100
00000000
0.391304347826
0.0796019900498

00000011
00000000
01000000
01000001
00000000
00000000
00000000
10000001
0.333333333333
0.064039408867

00100000
00000000
00000000
10000100
01000000
00000000
00000101
00000000
0.388888888889
0.0679611650485

00000001
01000010
10000000
00010100
00000001
00000000
00000000
00000000
0.44
0.0653266331658

00000100
00000000
00001001
00001000
00001000
00100000
00000000
00001000
0.269230769231
0.0909090909091

11010010
00000000
00000000
00000000
00000001
00000000
00000001
00000000
0.388888888889
0.0485436893204

00000000
00000000
00000000
00001101
00011000
00000001
10000000
00010000
0.37037037037
0.0913705583756

00000000
00100100
00000110
10000000
00000000
00000000
00001000
00000000
0.304347826087
0.0796019900498

01000000
01010100
00000000
00010000
00000000
01000000
11000000
01000000
0.48
0.105527638191

00000001
00010000
10000001
00000000
00001010
01000000
00000000
00000000
0.32
0.0804020100503

00000000
00000001
00000000
00001000
00000100
00000000
01100010
00010000
0.344827586207
0.0820512820513

00000000
00000000
00000000
00100000
00000000
00100010
00010100
01000001
0.392857142857
0.0714285714286

01011000
00000000
00000010
01010000
10000010
00000000
00000010
00000000
0.388888888889
0.0957446808511

00001000
00000001
00001000
00000100
00000001
00000100
10001000
00100001
0.333333333333
0.115183246073

00000000
10000000
01000000
00000000
00000000
01000000
00100000
01100000
0.533333333333
0.0622009569378

00000001
00000000
01010000
00000001
00000000
00000000
01000000
00100000
0.4
0.0588235294118

10000000
00000000
00010000
00000010
00100000
00000000
00000010
01000000
0.291666666667
0.07

10000001
00000000
00000000
00000000
00000000
00000100
00001100
00010010
0.434782608696
0.0597014925373

00000000
00000000
00001000
01001000
00011000
00001100
00000000
00000000
0.37037037037
0.0913705583756

00000000
00000000
00000000
00000000
01000000
01000000
10100000
00001001
0.5
0.0576923076923

10100000
00000000
00010000
00100000
00000000
00000000
10000000
00010000
0.428571428571
0.0619047619048

00001000
00000010
00000001
00100000
00001001
01000000
00000000
10000000
0.344827586207
0.0871794871795

10000000
00010000
10000000
10000000
00000000
00010101
00000000
01000000
0.388888888889
0.0922330097087

00000000
00000000
00010010
00000110
00000010
00000010
00000000
00011100
0.355555555556
0.0949720670391

00010000
00000000
00001000
11000000
00000000
00001000
00000000
01000000
0.3125
0.0769230769231

00010010
00000000
01000000
00000010
00000100
00001000
01000000
00000000
0.379310344828
0.0769230769231

00000000
00000000
00000000
00011000
01010100
00001000
00000000
00000000
0.521739130435
0.0597014925373

01000001
00000000
10000001
00000001
00000011
00000000
00000000
10000000
0.375
0.07

00001000
00000001
00000000
00000000
00100011
00000000
00000000
10000000
0.272727272727
0.0643564356436

00000000
00001000
00000000
00000000
00000100
10101010
01100000
00001000
0.484848484848
0.0942408376963

00001001
00000010
00000000
01000001
00101000
00000000
00000000
10000100
0.41935483871
0.0829015544041

10000000
00000000
00010001
00000000
00001010
00000010
01010101
00000000
0.439024390244
0.0983606557377

00100111
00000100
00001000
00000100
00010000
00000000
00000000
00000001
0.424242424242
0.0785340314136

00000000
00000010
00000000
00001000
01000110
00000000
00000100
00001000
0.34375
0.0833333333333

00000000
00000000
00000000
00000010
00000000
01101000
01100100
00000000
0.413793103448
0.0820512820513

00000010
00010101
10000000
00000000
00000000
10010000
10000100
00000000
0.48
0.0954773869347

10000010
00000000
00000010
00000000
00100101
00000100
00000000
00000000
0.321428571429
0.0765306122449

00000000
10000000
11000000
00010001
00110000
00000000
00000000
00000101
0.4
0.100502512563

00000000
00000000
00000000
00000100
10101100
00011010
00000000
00000100
0.5
0.0894736842105

00000010
00000100
00010000
00000100
00001010
00010000
00000000
10010000
0.428571428571
0.0899470899471

00010000
00010010
00000000
00010000
00000000
00001000
10100000
00000000
0.307692307692
0.0909090909091

01000000
00000000
00000000
00001000
10011000
00001000
00000000
00000000
0.388888888889
0.0728155339806

01001000
00001010
00000000
00000000
10000001
00000000
00000000
00000000
0.35
0.0637254901961

00100000
00000010
00000000
00000001
00000010
10000000
00010010
00100100
0.394736842105
0.0860215053763

10001000
00100000
00000000
00000010
00000100
10001100
10000000
00010000
0.344827586207
0.123076923077

00100000
00010000
00000000
00000100
00000000
00110001
01100000
00000000
0.366666666667
0.0979381443299

00000001
00000000
00000001
00000010
00000010
00100000
00000000
01000000
0.37037037037
0.0507614213198

00001000
00000000
10000000
00010000
01000000
00000010
01000000
10100000
0.434782608696
0.0845771144279

00011000
01000000
00001000
10000000
01000000
00000100
01010010
00000000
0.382352941176
0.126315789474

00000000
01000100
11001000
00100001
00000000
01000000
00000010
00000000
0.375
0.114583333333

00000000
00000010
01000000
00001000
00010000
00001000
00000000
00000010
0.37037037037
0.0659898477157

00000000
00000000
00010010
00100010
00000000
01100000
00000000
00000000
0.310344827586
0.0769230769231

00000000
00000000
00000100
01000000
10000001
01000000
00000000
10000000
0.428571428571
0.0666666666667

01000001
00000010
10000000
00000001
00010000
10000000
00000000
10000000
0.4
0.078431372549

00000000
00001001
00001000
00000000
00000000
00010110
00000000
00000000
0.296296296296
0.0761421319797

00001100
00001110
00000000
00000100
00000000
00010001
00000001
00000000
0.378378378378
0.096256684492

01000000
00010000
10000000
00000001
01001000
00000000
00100000
00000100
0.291666666667
0.105

00001000
00000000
01001000
00000000
00000000
01000010
00100000
00000000
0.333333333333
0.075

00100000
00000000
00100000
01100000
00000000
10000000
00100001
00000010
0.407407407407
0.0862944162437

00000000
01000000
00001000
01000000
00000000
00010001
00000000
01000001
0.304347826087
0.0845771144279

00110010
00000000
10000000
00000000
00000000
00110010
00000000
00000001
0.310344827586
0.0871794871795

00000000
00010001
10010000
00000000
00000000
01000000
00000000
00100000
0.277777777778
0.0776699029126

00001000
00000000
00100000
00000100
00000001
00000010
00000000
00100100
0.357142857143
0.0714285714286

00000000
00010000
00000010
00100011
00000000
00000010
00000000
00000000
0.333333333333
0.0628272251309

00000000
00010001
00000100
00000010
00101000
00000100
00001000
00010000
0.394736842105
0.102150537634

01000000
00000000
10001000
00001000
00100000
00000000
00100110
01000000
0.322580645161
0.119170984456

00000000
00000000
00100000
00010010
00000000
00000100
00000000
01010000
0.375
0.065

00001000
10000000
00000000
00000011
00000000
01000100
00000001
00000000
0.28
0.0854271356784

01000000
00000100
00000000
01000000
00000000
00000000
00010001
00000101
0.347826086957
0.0746268656716

00001000
00010000
00110010
10000000
00000010
01000010
00000000
00001000
0.333333333333
0.126373626374

00100000
00000010
00100000
00100000
00000000
00000000
00000010
10000010
0.3
0.0773195876289

00000000
01000000
00000010
00001001
00001010
00000000
00000000
10000010
0.441176470588
0.0684210526316

00000000
00000000
00000000
00000000
00100100
01100000
11000000
00000000
0.444444444444
0.0728155339806

00000000
00001000
00000100
00001100
00010001
01000100
00000000
00001000
0.352941176471
0.115789473684

01000000
00000000
10000000
00000001
00000000
00000000
01001000
00011000
0.368421052632
0.0780487804878

00000000
00000001
00010000
00001000
00011000
00000000
00000000
10100000
0.391304347826
0.0746268656716

00100000
01101000
00010000
00000000
10000000
01000000
00000000
01000000
0.521739130435
0.0845771144279

00000010
00000010
00000000
00000100
10000000
10010000
01000001
00000000
0.333333333333
0.0964467005076

00000000
00000010
00000000
00000010
00001000
00000100
00001100
01001000
0.371428571429
0.0899470899471

00000000
00000110
00001100
10000001
00000000
00100000
00010000
00000000
0.354838709677
0.0984455958549

00001000
00000000
00001001
00000010
00001000
00000000
00010000
00000001
0.344827586207
0.0717948717949

10000000
10000000
00000001
01001000
00000001
00000001
00000000
00001011
0.333333333333
0.103092783505

00000101
00000000
00100100
00000000
00000000
00000100
00010100
00000000
0.346153846154
0.0808080808081

10000000
01000000
00000000
00001000
00000100
00000000
00001000
10000001
0.388888888889
0.0728155339806

00000000
00100000
00000100
00000010
00000000
01000000
00000001
00001001
0.321428571429
0.0765306122449

01000000
00000101
00001110
00000000
00010000
00010010
01000000
00000000
0.418604651163
0.110497237569

00001001
00011010
00100101
10000001
00000000
00000000
00000000
00000000
0.540540540541
0.0748663101604

00001000
10000001
00000000
00000001
00000000
00000001
00000000
00000100
0.277777777778
0.0631067961165

00000000
00000010
00000000
10100000
01000000
00000000
00000001
00001100
0.416666666667
0.07

00000000
00000000
00000001
01000011
00000000
01001000
11000000
00001001
0.382352941176
0.110526315789

00100000
00100000
00000100
00000000
00101000
00000000
00000001
00000101
0.344827586207
0.0871794871795

00000001
00000000
00010010
00000000
00100000
00000100
01000000
00000010
0.3
0.0824742268041

00000000
00000100
00000100
11001110
00000000
01000000
00100000
00000000
0.393939393939
0.115183246073

00100000
00000000
00001000
00000010
00100000
10100000
00000000
00100000
0.32
0.0854271356784

10100000
00000001
00001000
00000000
00010000
00000000
00000001
00100000
0.318181818182
0.0742574257426

00000000
00000001
00000000
00010010
00000000
10000010
10100001
00000000
0.366666666667
0.0876288659794

00000000
00000000
00010001
00000011
10000000
00000000
01001000
00000000
0.346153846154
0.0808080808081

00000000
00000001
00000100
00000000
00100000
10100000
00000001
10100010
0.428571428571
0.0867346938776

00000000
11000000
00000000
00000010
00000000
10000001
00000000
11000000
0.3125
0.0817307692308

00000000
00000000
00100000
01000100
00100000
01100000
11001000
00000000
0.448275862069
0.112820512821

00100000
01000000
00010000
11000000
00010010
00000000
00000000
00000000
0.333333333333
0.09

00000100
00000100
01000000
10000000
00000000
00000000
00100000
00100000
0.352941176471
0.0724637681159

00010000
00101010
10000000
00000010
11000000
00000000
00000001
00000001
0.4
0.10582010582

00001000
01000001
00000100
00100000
00000001
10000000
00000000
10000000
0.272727272727
0.0990099009901

00100000
11100001
00000000
00100000
00000000
00000000
00010000
00000000
0.363636363636
0.0841584158416

00010000
00000000
00000000
00000001
00001000
00001010
10000000
00000000
0.318181818182
0.0693069306931

00100000
00000000
00000100
00110000
00110000
00001000
10000100
00000000
0.387096774194
0.113989637306

00000000
00001001
00100000
00000000
00100010
00000000
00000000
01000000
0.28
0.0753768844221

00010000
00001000
00010000
01000000
01000001
00000100
01000000
01000000
0.366666666667
0.113402061856

00010100
00000000
00000000
00000010
00010000
00000000
01000010
00000010
0.34375
0.0729166666667

11000000
00000011
10110000
10000000
00000000
00010000
00000000
01000000
0.333333333333
0.121827411168

00100000
00010000
00000000
00000000
00000000
00000100
01010100
00000101
0.428571428571
0.0816326530612

00000000
10000100
00000000
00000000
00000000
10000000
10000101
00000011
0.5
0.0735294117647

10000000
00000100
00010000
10000000
00000000
10000010
00000000
00010001
0.285714285714
0.0935960591133

00000000
00000100
00001000
00010000
01000010
11100000
10000000
00000000
0.48275862069
0.102564102564

00100001
01100000
00000000
00000000
00000010
00000110
01010001
00000000
0.404761904762
0.104395604396

00001000
00000000
00100000
01001000
00000000
00100000
00001000
00000000
0.318181818182
0.0792079207921

10000010
00100000
00000000
00001000
00000010
00000010
00100000
00000000
0.290322580645
0.0829015544041

00000010
00000010
00000001
00000100
01010000
00000000
00001000
00001000
0.382352941176
0.0842105263158

00000000
00000000
11000100
11001000
00001000
00000000
00000000
00000000
0.444444444444
0.0873786407767

00000000
00000000
00001000
00000000
00010010
10010110
00000001
00000000
0.382352941176
0.0894736842105

00001010
00000000
00010000
00100000
11000101
10000000
00100000
00000000
0.451612903226
0.108808290155

00000000
00000000
00010000
00010000
00000100
10000000
00100000
00000010
0.285714285714
0.0788177339901

00000000
00000000
00000000
01000010
00000000
00100000
00000100
10010000
0.285714285714
0.0738916256158

00000001
00000010
01000010
00001000
00001000
11000100
00100000
00000000
0.384615384615
0.118918918919

00010010
00000100
00000000
00000000
00000000
00001000
01011000
00000000
0.407407407407
0.0761421319797

01000000
00000010
00000100
00001000
10001000
00000000
10000100
00000000
0.36
0.100502512563

00000000
01000001
00001000
00000000
00000000
00100000
00001000
01000000
0.285714285714
0.0788177339901

00010000
00000000
00000000
00000010
00000000
00000000
00001000
00011001
0.347826086957
0.0547263681592

00000001
11000000
00010100
00000000
00000000
00000000
01010000
00000000
0.380952380952
0.0837438423645

10010100
00000101
00001000
00000010
00000000
00001000
00000000
00000000
0.379310344828
0.0820512820513

00010001
10000000
00000000
00001000
10000000
00000110
00000000
00000100
0.291666666667
0.095

01000000
00000000
10000000
00010000
00000000
10100000
00000000
01000000
0.416666666667
0.0707547169811

00001000
10000000
10100000
00100100
00000000
00100000
00000000
00000000
0.315789473684
0.0926829268293

00010000
01100110
00000100
00000000
00000000
00000010
00000110
00000000
0.348837209302
0.110497237569

10000010
10000000
10000000
00000000
00100000
00001000
00000000
10010000
0.3125
0.0913461538462

00100000
01101000
00000000
00000000
00001100
00011000
01000000
00000000
0.393939393939
0.115183246073

00100100
00000000
00000000
00000010
00000001
00000000
00000010
00100000
0.37037037037
0.0507614213198

01001000
00100000
01010100
00000000
00000000
00010000
10000000
00000000
0.5
0.085

00000010
00000111
00000011
00000000
00000100
01000000
00000000
10000000
0.526315789474
0.0591397849462

00001000
00001000
01001000
10000000
00000000
00000000
00011000
00110100
0.451612903226
0.108808290155

00000101
00000000
01000000
00100000
00000000
10000010
00000000
00000000
0.4
0.0588235294118

01000000
00000000
00000000
00100100
00000100
01000001
01000000
00010000
0.296296296296
0.106598984772

00100000
00000000
00000000
00000010
00010100
10001100
10000000
00000000
0.423076923077
0.0909090909091

10000000
00000000
00000000
00100000
10000000
10000000
01001100
00000001
0.333333333333
0.0970873786408

00001001
00010011
01001000
00000000
00000100
00000000
00001000
00000000
0.388888888889
0.0957446808511

00000000
00000100
00001000
10100000
00100010
00000000
00000000
10000000
0.347826086957
0.0845771144279

00000000
10000100
01001000
00100000
00100000
01100100
00000000
00000001
0.393939393939
0.125654450262

00000001
00000001
00000000
00000000
01000000
00010000
10000000
00000100
0.294117647059
0.0676328502415

00000000
00000000
00000000
01010000
00000100
00001000
00100000
01000000
0.428571428571
0.0689655172414

00001100
00000000
10000000
01000100
00000000
00000000
00000000
11100000
0.444444444444
0.0825242718447

00010000
00010000
00000001
00010001
00000000
00000000
00000001
01000000
0.28
0.0804020100503

10000001
00000000
01000000
00000000
00000001
00000101
00000000
10001000
0.333333333333
0.0788177339901

00000000
01000100
10001101
00001000
00000010
00000000
00001000
00010000
0.405405405405
0.117647058824

00000000
00000000
00010000
00000100
00010000
10000000
00001000
00000010
0.285714285714
0.0788177339901

00000000
10000000
00001000
10000000
01000000
11000000
00010000
00001000
0.470588235294
0.0966183574879

00000010
00010000
00000000
00001001
00100000
00000000
01000000
00000000
0.291666666667
0.075

00000000
00000000
01000000
00000000
00000001
00001010
10000000
00010000
0.428571428571
0.0591133004926

00000011
00000000
00000000
00000001
00001011
00000010
00010000
00000000
0.421052631579
0.0591397849462

01000000
00000000
00010000
00000000
00010000
01100000
00000010
10100000
0.37037037037
0.0913705583756

00100000
00000000
11000000
00000000
00000000
00001100
00000000
00001000
0.294117647059
0.0772946859903

00100000
00000000
00010010
10001000
00001000
00001000
00000001
01000000
0.3125
0.114583333333

01000000
00000000
00100100
00000000
00000000
10000001
00000001
00000001
0.285714285714
0.0788177339901

00001100
00000000
00000000
00100000
01000000
00000000
01010000
01001000
0.44
0.0854271356784

01100001
00000001
10000000
00000001
00000000
00000000
00000000
00001000
0.315789473684
0.0682926829268

00000100
00000000
00000000
00100000
00000001
01100000
00011000
10110000
0.40625
0.109375

10000010
10000100
00000000
01001001
00000000
01000000
00001000
00000000
0.333333333333
0.111675126904

00011000
10000001
00000000
00000000
01000000
10100000
00000001
00000000
0.428571428571
0.0837438423645

00100000
01000000
00000001
00000000
00001010
00100000
00000000
00000000
0.36
0.0653266331658

00000000
00000000
10010000
00000000
00000001
10010001
00000000
00000000
0.25
0.0769230769231

00100001
10000000
01000000
00100000
00100001
00000000
00000101
00000000
0.379310344828
0.0974358974359

00000000
00000000
00010000
00000001
10001010
00000000
10010000
00000011
0.387096774194
0.0932642487047

00000000
00100100
01000000
01010000
00000100
00000100
00000100
00000000
0.333333333333
0.113402061856

01101000
00000000
00100000
00011000
00000000
00001000
00000000
10000000
0.375
0.09

00000000
00000001
00000000
01000000
00010000
01000010
00000100
00000000
0.32
0.0753768844221

00010000
00100000
00000000
00010000
00010000
00000101
00000000
00000000
0.347826086957
0.0696517412935

00000101
10000000
00010000
01000100
00000100
00000000
00000000
00000010
0.346153846154
0.0909090909091

00000100
00000000
00000100
00001100
01011000
01000001
00000001
00000000
0.378378378378
0.122994652406

00000000
00000000
00000000
00010000
00000000
00100110
00000010
00000010
0.322580645161
0.0673575129534

00000000
00000000
10000000
10010010
10000000
00000000
00010000
00110000
0.333333333333
0.0985221674877

00000000
00000001
10000011
00000000
10010000
10000000
01000000
00000000
0.409090909091
0.0891089108911

00001000
00001010
00010010
00010000
00000000
00000000
00010000
00000000
0.333333333333
0.0837696335079

00000000
00001010
00100100
00100000
00100100
00000010
00000000
00010000
0.365853658537
0.109289617486

01000010
00010000
00000001
10000000
00000000
00010000
00000000
00000010
0.333333333333
0.075

00001000
00101000
00001000
00000000
01000000
00001000
00000100
00000000
0.346153846154
0.0909090909091

00000000
10000010
00100000
10000000
00000000
00100010
00010000
00000000
0.307692307692
0.0909090909091

00000001
00000000
00000000
00000010
00000100
00001001
00000000
01000001
0.37037037037
0.0609137055838

00011000
01000000
00000000
01000000
00000100
00001010
00000001
00100000
0.441176470588
0.0894736842105

00001000
00011000
00000000
00000000
00010000
01001000
00100000
00100000
0.379310344828
0.0974358974359

00000000
00010000
00000001
00100000
10000000
00000000
01100100
00001000
0.307692307692
0.106060606061

01000010
00100110
00100000
00010000
00110000
00000000
00000000
00000001
0.390243902439
0.109289617486

10000100
01000000
00000000
01000000
00000000
10010100
00000000
01000100
0.409090909091
0.10396039604

00000000
10001000
00000000
00101000
00011010
00000100
00000000
10000001
0.441176470588
0.105263157895

00001000
00000010
10000000
00000001
00000000
00010000
00000100
10000000
0.272727272727
0.0841584158416

00010000
00000000
00010110
10000000
00000100
00000000
10001000
00100000
0.310344827586
0.117948717949

00000100
00000000
00001000
01000010
00000000
00000001
00100110
00000000
0.333333333333
0.0957446808511

00001000
00100010
00001000
00001000
00000000
00000000
00000000
11000000
0.291666666667
0.085

00000001
00000000
00000010
01010101
00000001
00000000
00000000
00000010
0.470588235294
0.0578947368421

00000011
01000000
00100000
00000000
10001010
00000000
00000000
00011010
0.405405405405
0.096256684492

00000011
00000000
00000001
00000001
00000000
00100000
01001000
00010000
0.366666666667
0.0773195876289

00000110
00000000
10000000
00010000
00000000
01100000
00000000
00000000
0.315789473684
0.0731707317073

10000000
00100010
00000000
00000000
01000000
00001000
00001000
00100000
0.28
0.0904522613065

00011000
00000010
00010000
00001000
10000010
00000000
00000000
00000000
0.321428571429
0.0816326530612

00000001
00000000
01000001
00100010
00000000
00100000
00000000
00000000
0.4
0.0552763819095

00000000
10010000
00001000
00001000
00001100
01001000
11000000
00000000
0.4
0.134020618557

00100000
00000001
00001000
00001000
00000000
00000000
00010000
00000010
0.291666666667
0.07

01000001
00000000
00000000
00010000
00100100
00001000
00000000
10000000
0.380952380952
0.0738916256158

00000100
00000000
00000010
00000001
00000000
00000010
00010000
01001000
0.4
0.0618556701031

01000000
00011000
00000000
10000001
01000000
00001000
00000100
00100000
0.357142857143
0.112244897959

00000001
00100000
00000000
01000000
00000000
00001000
00000000
01000010
0.333333333333
0.064039408867

00000010
00000000
01001000
10000110
00000100
00010000
00000000
00000010
0.388888888889
0.101063829787

00100000
00000100
00000000
00010000
00100001
00000000
01000000
00000000
0.318181818182
0.0742574257426

01000010
00010000
00100100
00000000
00000000
00000000
01000000
00001000
0.36
0.0804020100503

00000000
00010000
01110010
00000000
00000100
00000001
00000011
00010000
0.363636363636
0.116666666667

00000100
00000000
00000010
00000000
00000000
00110100
00010000
00000000
0.346153846154
0.0707070707071

00000000
00001000
10000000
00010000
01000000
00100000
00100000
00000010
0.333333333333
0.09

01100000
00000000
00000000
00000011
00000011
00000000
00000000
00000000
0.444444444444
0.0406091370558

00000000
00000100
00001001
00000000
10000000
01000000
11000010
00100000
0.428571428571
0.102040816327

00100100
00000000
00000011
00000100
00000000
00000000
01010000
00100000
0.41935483871
0.0777202072539

00000001
00000000
00000000
01000000
10000010
00000000
00000000
00000101
0.421052631579
0.0487804878049

00000001
00010000
00000000
00000000
00001000
01011010
00000001
00000000
0.424242424242
0.0785340314136

00000100
00010010
00000000
00000000
00001010
00000000
01010000
00000000
0.375
0.078125

00000000
00000000
00101000
00010001
00000000
00000010
00000001
00000000
0.444444444444
0.0507614213198

00000100
00000001
00000000
01001000
10000000
00110000
00000000
00000100
0.32
0.100502512563

00000000
00000000
00000000
01010000
00010000
01000100
00000101
00000000
0.346153846154
0.0909090909091

00100000
10000000
00100001
10000000
10000010
00000110
00001000
00000000
0.333333333333
0.125654450262

01000000
00000001
10000001
00010000
10010000
00000100
00000000
10000000
0.272727272727
0.113861386139

10100000
01100000
10000000
10000000
00000000
00000000
00010000
10000000
0.571428571429
0.0809523809524

00000000
00000000
00101000
00000010
00000000
10000000
01001000
10000000
0.409090909091
0.0792079207921

00000000
10000000
00100010
00000000
00000001
00000010
00000000
01010000
0.407407407407
0.0659898477157

01000000
10000100
00000000
00000000
01000000
00100010
00000001
00100000
0.444444444444
0.0812182741117

00001100
00011001
00000000
00010000
00000010
00000000
10000000
00000001
0.34375
0.0989583333333

10001000
00000000
10000000
00000000
10000010
01000000
01000000
10100000
0.526315789474
0.0878048780488

01000010
00010000
01000010
00000000
00000000
00000000
00100001
00100000
0.3125
0.09375

00000001
00010000
00010000
00000100
00000000
10000000
10000000
00000000
0.266666666667
0.0765550239234

00010000
00010001
00010000
01000000
00100000
00000001
00000000
00000000
0.307692307692
0.0858585858586

00000001
00000000
00010001
00000000
10010000
01000000
00000000
00000000
0.333333333333
0.0679611650485

00000100
00000000
00000010
00001000
00001000
00000000
00100001
00000000
0.269230769231
0.0757575757576

01010000
00100001
00000000
00000000
10000000
11100000
00000000
00000010
0.52
0.0854271356784

01000000
01000000
11001000
00000000
00000000
00000000
00001000
00000000
0.375
0.0769230769231

00000000
10000000
00000110
00001100
00000000
00000100
00000000
00001000
0.346153846154
0.0858585858586

00011000
00000000
00000000
00000001
00000010
01000001
00000000
01010000
0.48275862069
0.0615384615385

00000000
00000000
00000000
00001001
01000010
00000000
00100010
00010000
0.375
0.0729166666667

01010001
00000000
00000010
01000100
00000000
00000000
00000000
00000000
0.409090909091
0.0544554455446

00000100
00000001
00000100
00000001
00001000
00000010
00000000
10000000
0.269230769231
0.0808080808081

00010000
00000000
00000000
00010000
00010010
00000010
00000000
00000100
0.285714285714
0.0714285714286

00001000
00000010
00000000
10010000
00000000
00101000
00000001
01000000
0.321428571429
0.0969387755102

00000010
01000100
00000000
00000100
00001100
00100001
01100000
00000000
0.358974358974
0.12972972973

00010000
00000000
00000001
00001000
10000000
00000010
10000000
00000001
0.285714285714
0.0788177339901

10010000
00000000
00000000
00101000
00000110
00000000
00100000
00000000
0.346153846154
0.0808080808081

00000000
00000000
00000001
01000011
00000100
00000100
00000000
00000000
0.384615384615
0.0606060606061

00110000
00001000
10000000
00000100
00000000
00001010
00000000
01000000
0.37037037037
0.0913705583756

00000000
00000001
00000000
01000000
00000010
00000110
01000000
00101010
0.410256410256
0.0864864864865

00000000
00000000
10001000
00011000
00100000
00000000
00100010
00000110
0.371428571429
0.10582010582

00000000
00000000
00010000
00000001
00001001
10000000
00000000
00100100
0.272727272727
0.0841584158416

00000001
00000011
00000010
00000000
00000000
00001000
00001001
00001000
0.388888888889
0.0691489361702

10000000
10000000
00000000
00000000
00100010
00000000
10010100
01000000
0.380952380952
0.0935960591133

00110000
00110001
01000000
00000000
00000000
00000110
00000000
00000000
0.375
0.0885416666667

00000000
00000000
00000000
00000000
00100000
01101000
00000000
01000010
0.409090909091
0.0643564356436

00000000
00010001
00001000
01000010
00010010
00001000
00000000
00000000
0.324324324324
0.101604278075

00000000
00001000
00000100
01001001
00010000
00000000
00000000
00100000
0.384615384615
0.0808080808081

00100000
00010000
11100000
01000000
01000000
00010000
00000100
00000001
0.451612903226
0.113989637306

10001000
00000000
01010110
00010000
00000000
00000000
00100011
00000000
0.325
0.125

00000000
01000010
00010001
00000000
01100100
00010001
00000000
10000000
0.351351351351
0.122994652406

00000000
00001000
10000000
00100001
00000011
00000000
00000000
00001100
0.344827586207
0.0871794871795

00001001
00000000
01110000
00000100
10100000
00100000
00000001
00000000
0.333333333333
0.125654450262

00000000
00000001
10001000
00000001
00000000
01000000
00000011
10100100
0.34375
0.109375

00010000
00010000
00001000
00001000
00011000
00110000
00000000
00000000
0.387096774194
0.0984455958549

00000000
01000100
00001000
00010010
00100000
01000000
00000000
00000000
0.413793103448
0.0820512820513

10001000
00000000
01000010
00000000
00100000
00000000
00000000
01000010
0.333333333333
0.075

00100101
00000000
00100000
00010000
10000000
00000100
00000000
00001000
0.375
0.085

00100000
01000001
00100000
00001000
10000000
00001010
00000000
00000000
0.379310344828
0.0923076923077

10001000
00000000
10100001
01000000
00000010
00000000
00000000
00000010
0.423076923077
0.0757575757576

00000000
01000000
00100001
00000000
00000000
10000000
00000000
10000010
0.375
0.0625

00000000
10000011
00000000
00000000
00000100
00010000
00001000
00000000
0.304347826087
0.0746268656716

00001000
00000001
00000010
00000000
10000100
10001000
00000000
00000100
0.4
0.0854271356784

00000001
00000000
00100000
01000000
00000000
00001000
00010000
00100000
0.428571428571
0.0591133004926

00000001
01000000
00100000
00000000
11000000
00100001
01010000
00000000
0.464285714286
0.0969387755102

00000010
00000000
00000000
00000000
00000001
00100100
00001100
00010000
0.357142857143
0.0765306122449

00000000
00000000
00001000
00000000
00000100
00100000
01100000
11000000
0.428571428571
0.0788177339901

01100000
00000000
00000101
00000000
00000000
00000100
00000001
10010000
0.333333333333
0.085

00010000
00000000
00000000
10000000
01000010
00000000
01011000
00011000
0.433333333333
0.0979381443299

00100000
00000000
10000011
00010000
00001000
00011000
01000000
00000000
0.333333333333
0.115183246073

00100000
00001000
00000000
00000010
00000000
01000000
00000001
01011000
0.344827586207
0.0871794871795

00010001
00000001
00000100
00000000
00010000
00000001
00001001
00100100
0.305555555556
0.11170212766

00000000
00100000
01001000
00000000
10000000
10000000
01100000
00100000
0.428571428571
0.0985221674877

00000000
00010010
00100000
00110010
00000000
00000000
00000000
00001000
0.333333333333
0.0837696335079

00000000
10000010
00000000
01000000
00000000
00000100
01000000
00000001
0.3
0.0735294117647

01011000
00000000
00100000
00010000
00110000
00000000
00010000
00000000
0.392857142857
0.0918367346939

00000000
00010000
00100000
10000000
00000100
00010000
01000010
00000000
0.307692307692
0.0959595959596

00000000
00001010
00000011
00001000
00010000
00110000
00000001
00000010
0.425531914894
0.0960451977401

00000001
00100000
00000000
01000010
00001000
10000010
00000000
10001100
0.294117647059
0.121052631579

00001001
00000000
01000000
00000000
00000000
10000000
00010010
00000000
0.3
0.0686274509804

00000000
00100100
00110000
00000000
10000011
00000000
00000000
00100010
0.314285714286
0.111111111111

00000000
10100000
00000010
00000010
01000000
00000000
10100010
00000000
0.34375
0.0989583333333

01000010
10010010
01001000
00000000
00000000
00000001
00000000
00001000
0.40625
0.09375

00000000
00000100
00000000
00000000
00100010
00000000
00000000
01100010
0.32
0.0653266331658

00000011
10000010
00000000
00000000
00000010
00000000
00000000
00010001
0.392857142857
0.0510204081633

00010000
00110000
00000001
10000111
00000000
00000000
00000000
00000000
0.4
0.0824742268041

00000000
00000000
00100000
00000100
00000001
00000100
10001100
00000000
0.291666666667
0.095

00000100
10000000
00001000
00101000
00000000
00000000
00001100
00001100
0.379310344828
0.107692307692

00001100
00001100
00000000
10000000
00000100
00000000
00100001
00000000
0.346153846154
0.0959595959596

00000000
00100000
00001000
10000100
00000001
00000011
01000000
00000000
0.366666666667
0.0927835051546

00000000
00000000
00001000
00000000
00000000
00000100
01001110
00001100
0.46875
0.078125

00000000
00000000
00100001
01100000
01010001
00000000
00001000
00001000
0.393939393939
0.104712041885

01100000
10001000
00000000
00000000
00001010
01000000
00000000
00000000
0.391304347826
0.0796019900498

00001100
11000000
00000010
00000000
00010000
00000010
00000001
00000000
0.354838709677
0.0880829015544

00100000
00000100
00000000
00000001
00000011
00010000
00000010
00000000
0.333333333333
0.0732984293194

00000000
00100000
00000000
10000000
00000000
00000000
00010101
00010000
0.368421052632
0.0682926829268

11000000
00000000
01000000
00000100
10000100
00100100
01000000
00000000
0.333333333333
0.12

00100000
00100000
00000000
00000101
10000000
10000000
00000000
00010000
0.333333333333
0.0825242718447

00000010
01000001
00000000
01000000
00000000
00000001
00000000
00000100
0.409090909091
0.0544554455446

00000100
00101101
00000000
00000001
10000000
00101000
10000000
00000000
0.387096774194
0.119170984456

00000000
00010000
00000000
00001001
00000000
01000000
00000001
00000011
0.37037037037
0.0659898477157

00000010
00000001
10000001
00001000
00000000
00000000
00010000
00001000
0.416666666667
0.065

00001000
01000010
11000010
00000000
00000000
00000000
00001001
00000000
0.322580645161
0.0984455958549

00000011
00000000
00000000
00010100
00000000
00001000
00000000
01001100
0.357142857143
0.0816326530612

00110000
00010000
00000010
00000000
00000000
00000101
01000000
10000000
0.392857142857
0.0816326530612

00000000
00000000
01000000
00000010
00001000
00000010
00100001
00000011
0.405405405405
0.0695187165775

00001000
00000000
00010000
00001000
00010000
00010000
00010000
00000000
0.347826086957
0.0746268656716

00001000
00000001
10000010
00000000
00000000
00000001
00000000
00000010
0.391304347826
0.0497512437811

00000100
01000000
00100100
00100000
00010000
10000000
01000000
00100001
0.41935483871
0.113989637306

00000000
00000000
00001000
00001000
00010110
00001110
01000000
00001000
0.454545454545
0.105555555556

00000000
00000010
01000000
00101100
00000010
00010000
00000001
00000010
0.404761904762
0.0934065934066

01000000
00000100
00000010
00010000
00000101
00000000
00000010
00000010
0.351351351351
0.0855614973262

01000000
00000000
00010000
10000000
00100000
00010000
01000000
00000000
0.352941176471
0.0772946859903

01100000
00010000
00000001
00000000
01000010
00000000
00010000
00000000
0.333333333333
0.0812182741117

00000000
00000101
00100000
00000000
00001000
00000010
00000000
00000100
0.307692307692
0.0707070707071

00000000
00000010
00010000
00000000
00000000
00000000
01000010
11000000
0.347826086957
0.0646766169154

00000000
00000000
00000000
01000000
00000100
00000010
10100010
00000000
0.36
0.070351758794

00000000
00100000
00001000
10000000
00000000
00010010
10000000
00000000
0.263157894737
0.0829268292683

00000000
00100000
00000000
00000000
00010000
00000000
00011001
00100001
0.307692307692
0.0808080808081

00000000
00000000
00000010
11000000
00001001
00011000
00000000
00000010
0.322580645161
0.0984455958549

00010000
00000000
01000100
00000000
01001000
10000000
00000000
00000000
0.352941176471
0.0772946859903

01000010
00001000
00000000
00000000
10100000
00000010
00000000
01000000
0.375
0.075

00001000
10000000
00000000
00000000
00000000
00100000
00010110
00000000
0.363636363636
0.0693069306931

00000010
00000010
00000000
00000000
00010000
00101001
00100000
00000000
0.375
0.0729166666667

00000000
00000101
00000100
00000100
00000000
00000010
00010000
00001000
0.333333333333
0.0824742268041

01001000
00110000
00001000
00010000
00000000
00000000
00000000
10000100
0.458333333333
0.08

00000000
00000000
00000000
01000000
00000000
10001010
00000100
00000001
0.428571428571
0.0591133004926

00000000
00000000
00000100
00001000
00000001
01000010
01000100
00011000
0.428571428571
0.0952380952381

00000100
00001000
00011000
00000000
00000000
00000000
10000010
00000000
0.363636363636
0.0693069306931

01000000
00000000
00000000
00000001
00000000
00011001
01100100
00000010
0.382352941176
0.1

00000000
00101000
00000000
00000010
10000000
00000110
00000000
00000100
0.310344827586
0.0871794871795

00000001
00000000
00100000
00000000
01001000
10000000
10000001
00000000
0.333333333333
0.0825242718447

10110000
00000000
00000000
00001100
00000000
00000000
00010000
00000000
0.333333333333
0.0679611650485

01000000
00000000
00000000
00100000
00000001
10000100
00000000
00010100
0.35
0.078431372549

00000000
00000000
10000000
01000001
00001000
00110000
00000000
10000001
0.363636363636
0.0891089108911

00000001
00000000
00000001
01000001
00100000
01001000
00000001
10000100
0.34375
0.109375

00000000
00000000
00001000
00100000
01001100
00011100
00010000
00000000
0.428571428571
0.111111111111

00000001
00000010
10000001
01000000
00000000
00000000
00000010
00000110
0.5
0.0520833333333

01000000
11100000
00000000
00000000
00000000
00000000
01000001
00000001
0.473684210526
0.0682926829268

00000000
10000010
11001010
00000001
10000100
00000000
00000000
00000000
0.413793103448
0.102564102564

00000000
00000010
10000010
01000110
00001000
00000000
00000000
00000000
0.375
0.078125

00010000
10000000
00100000
00000000
00000001
10000010
01000000
11000010
0.464285714286
0.0969387755102

10000000
00000000
00001010
00100000
00000010
00000110
00000000
00000000
0.333333333333
0.0785340314136

00000001
00000000
01100001
01100000
00000000
00000000
00001100
00000101
0.4
0.10582010582

00000010
00010010
00100000
00010000
00001000
01000000
00001000
00011000
0.390243902439
0.114754098361

00000000
10000101
00100000
00000000
00000000
00000000
01000000
00000100
0.333333333333
0.0728155339806

01000100
00000000
00000000
01010000
00000101
00000100
00001000
00000000
0.392857142857
0.0918367346939

00000000
00000101
10000010
00000000
01000000
00000000
00000010
00000000
0.44
0.0552763819095

00001000
00000000
00000000
01000101
00001001
00000100
00001000
00000011
0.394736842105
0.102150537634

00000000
00000000
00011000
00000000
10000000
01001000
00101000
00000100
0.423076923077
0.0959595959596

00000110
00010000
00000000
00100000
00000000
00100000
00000001
00000100
0.296296296296
0.0812182741117

00000000
00000100
00001010
00010000
00000010
01001000
00000000
00000000
0.393939393939
0.0785340314136

00010000
00010010
01000010
00000101
00000010
00000000
00000000
00010000
0.452380952381
0.0769230769231

11000000
00101001
00000000
00000010
00001000
00000001
10000000
00000000
0.344827586207
0.102564102564

00001000
10000000
00001000
00000001
00000100
00000000
00000010
10001000
0.28
0.0954773869347

00010000
00000000
10000001
00000001
00001001
00000010
00000000
00000000
0.346153846154
0.0707070707071

00000000
00000010
00000001
00011000
00000000
00110000
00000000
00100000
0.333333333333
0.0824742268041

01001100
00000000
00000000
00101010
00000010
00000000
10000000
00100000
0.363636363636
0.0994764397906

00000000
01000000
00001010
01000000
00000000
00000000
00000000
10001010
0.4
0.070351758794

00000000
10000000
00000000
00000000
10000000
00000000
00000111
00100000
0.333333333333
0.0679611650485

00011001
10110011
00000000
00000000
00000000
00000000
00100000
00000000
0.4375
0.0833333333333

00000000
00000001
00000000
10000001
00000010
01000110
00000100
00001000
0.416666666667
0.0904255319149

00000000
00000100
00001000
01000000
00010000
00110000
01100100
00000100
0.378378378378
0.133689839572

00010100
00000000
01000000
00000010
00010000
00000100
00001001
00101000
0.368421052632
0.112903225806

01000001
11000000
00000100
00000000
00010000
00001000
00000000
00000000
0.4
0.078431372549

00000000
00100000
00000101
00001000
01000000
00000000
00100100
00000001
0.333333333333
0.0979381443299

00000000
10000110
10001010
10000000
00000000
00000000
00000000
00000000
0.409090909091
0.0792079207921

00000100
00000000
00010000
01001010
00011000
00000001
01000000
00000001
0.358974358974
0.118918918919

10001001
00000000
00000000
00010000
01000000
00001000
00000010
00000000
0.291666666667
0.08

01000000
00010100
00010000
00000001
00000000
00000001
00000000
00000001
0.32
0.0753768844221

01000000
00000001
00001000
00000000
00000001
00001000
00000010
01000000
0.296296296296
0.0812182741117

00100010
00000000
00000000
00000000
00000010
00000101
10000000
00000100
0.461538461538
0.0555555555556

00000000
10000010
00000000
00000000
00010000
00001000
00000000
01001000
0.35
0.0686274509804

00000010
01000000
00100000
00000000
00000010
10000100
00000000
00100000
0.384615384615
0.0757575757576

00000000
00000000
01101000
00000000
00000000
00010011
00010000
00000010
0.314285714286
0.100529100529

00000000
10000101
01001000
00000000
00011000
00010001
10000000
00000000
0.387096774194
0.124352331606

00000010
00010001
00001000
00001000
00000000
10000000
01001000
00000100
0.451612903226
0.0932642487047

00000000
00010000
00000001
00001000
00000000
00010000
01000100
00100000
0.307692307692
0.0909090909091

01100000
00000100
10000000
00000000
01000000
00000000
00001000
10010001
0.363636363636
0.0990099009901

00000000
01000000
00010000
10000000
00000001
10000001
00000000
01000000
0.294117647059
0.0869565217391

00000000
01000000
00000110
00000100
10000000
00001001
00000000
00000000
0.307692307692
0.0909090909091

00000000
00000010
00000000
10000100
00001100
10001010
00000000
10000000
0.4
0.103092783505

00001010
10000000
00000000
00000010
00000010
00010100
00010100
00000000
0.394736842105
0.0967741935484

00110100
00001000
00101001
00000000
00000000
10000000
00000000
00001000
0.428571428571
0.0918367346939

00000000
00000000
00000000
00000000
00001000
00001000
01100010
01100000
0.37037037037
0.0812182741117

00001000
00000000
00000010
00000001
10000000
00000000
01000000
00100010
0.44
0.0603015075377

00011000
00000000
00000000
00000100
00010001
00010000
00000000
00010000
0.28
0.0854271356784

00000000
01000000
00000010
00000100
00000001
01000011
00000000
00000100
0.371428571429
0.0846560846561

00000000
00000001
01010000
00000000
10000000
00000000
00000110
00001000
0.36
0.0804020100503

00000000
00000000
01100000
11000000
00000000
10000000
00100001
00000100
0.380952380952
0.0985221674877

00010010
01000000
10000000
00000000
01010000
00001001
00000000
00000000
0.423076923077
0.0858585858586

