10000000
00010000
00000001
00100000
00000000
10000000
00000000
00000100

00011000
01100000
00001000
01000000
10000000
00010000
00000000
00000100

00000001
00000110
00000110
00100000
00001000
00000000
00000010
00010010

00001000
00000100
00000000
01000000
10010000
10110000
00000000
00000000

00000000
00000000
00010000
00000000
00000000
00000101
00100000
00100010

00000000
01000000
00100000
01000000
00000001
00000010
00100000
00000000

00000000
00100010
00000000
00010000
00000100
00000000
00100000
10100000

10000000
00000000
00000010
00000000
00000001
00000010
00010100
00000000

01000100
00000001
00000000
00001000
00000000
00001000
00001000
00000000

00000000
00000001
01000000
10001000
10000000
00000000
00000000
01000000

00010000
00000000
01000010
00000000
01000000
00000000
00000001
00000001

00000000
00010100
10000000
00000000
00001010
00000000
01000000
11000000

00000000
10010000
00000000
00000000
00010000
10001001
00000011
00000000

00000000
00000000
00000000
00100000
00000000
00010000
01010100
01000000

00010001
00000000
00000000
10000000
00000000
00000000
01000000
00001100

00000000
01000000
00000000
00000000
00100100
00010001
10000000
00000100

10000000
00000000
00100000
00000100
00001001
00000001
00000000
00010000

00000000
00000000
01000000
00000000
01000100
11100000
00000000
00100000

10000010
00010000
00000000
00000000
00000000
00101001
00000000
01100000

01000000
01000001
00000011
00000011
00000000
00010000
00010000
00000001

01001010
00000000
00001000
00000000
00000000
00000001
00001000
00001000

00000000
00100000
10000000
00000001
00000000
00000000
00000010
11001010

00000000
01000000
00000100
00000100
01000000
00101000
00000100
00010000

10000010
00001000
00000000
01000010
01000001
00000100
00000000
00000000

00000001
00000000
00000000
00000000
00100001
00000000
00000000
10000011

00000000
00000001
00000000
01100000
11000000
00001100
00000000
00000000

00000001
00000001
00010000
00000000
10000001
00000000
00010000
01000000

00000000
00001000
10000000
00010000
00000000
01000101
00100000
00000000

00000000
00000000
00000000
00001000
00000010
00100001
00000000
01001010

00000100
00010001
00000000
00001000
00000010
00000000
00010000
00000000

00110000
01000000
00000010
00000001
00000000
00000001
00000001
10000100

01000000
00000000
10000000
00000000
00000010
00010000
00110000
00000000

10100000
00000010
00000010
00000100
10000000
10000000
00000000
00100000

11000000
11010000
00000000
00000000
00000000
00001001
00010000
00000000

00000001
00011000
00000100
00000000
00000000
01010000
00000000
00000000

00000100
00000000
00100000
00000001
00100001
00000000
10000000
00000000

01000000
00000000
00100000
00000000
01000000
00000000
00100001
00000100

00000000
01000000
11000001
00000000
00010000
00000001
01000011
00000000

00000010
00000000
01010100
00000000
00000000
00000100
00000000
00000100

10000000
10000000
00000100
10100000
00000000
00000100
00000000
00000000

00000000
00100000
00100000
00010000
00000101
00010000
00010000
00001000

01000010
00000000
00001000
00000000
00110000
00000000
10000000
00000000

00000100
10000000
00000000
00000001
00000000
01000000
00100010
00100100

00100000
01100000
00001001
00000000
00001000
00011000
00000000
00000010

00011000
00000000
00000000
00000000
00000000
00000100
01100000
00000110

00000001
00001011
00000010
00000000
01000000
00000000
00000001
00000000

00010100
00001100
00100000
00000000
00000100
01001000
00000100
10000000

00000001
10000000
00000001
00000000
00101000
00001000
00100001
01100000

00010000
01000000
11000100
00000000
10100000
00000000
00000000
00000000

00000100
00000001
00000000
00000000
00100000
01100000
00000000
00000100

00000001
00000000
00001010
00011000
10000000
10000001
00000000
00000100

10000000
10011000
10001000
00010000
00000000
00000000
00010100
00100000

00000000
01010000
00000010
00101000
10000001
00000000
00000000
00100000

01000010
11000000
00100010
00000000
00000000
01000000
00000000
00000010

00100000
01000010
00000000
00000010
00000000
00100001
01000000
00000000

01000001
00000000
00000010
00000000
01000000
01001000
00000000
00000000

00000010
00000000
00100000
10100000
00100000
00010010
00110000
00000000

00000000
00000000
00000000
01000000
00010000
00100000
00001000
00011000

00001010
00000010
00001000
00000000
00000100
00001000
00001000
00000000

00000000
00001000
00001000
00000001
00100000
00000000
00000100
00100000

00000010
00000100
00010000
00000000
11000000
00000100
00001000
00000000

00000000
00000000
00000000
00000000
01001010
00000000
00100001
00000010

00010000
00010000
10010000
00000000
00000000
00100001
00000000
00000000

10010000
00000010
00000000
00001000
01011000
00100000
00000000
00000000

00010000
10000100
00000000
00000000
00000010
01000000
00000000
00001000

00100000
00000000
00000000
00000000
00000000
10000000
10000001
00000101

00001000
00000000
00100000
00000000
00000001
01000011
00000000
00000010

00000101
00000100
00000100
00010010
00010000
00010000
00000001
00000010

00010001
00000000
11000100
10000000
00000000
00000000
00000000
00001000

00000000
00000000
00000000
00000001
10100000
01000000
00000011
00000000

00000000
00010010
00000000
00000000
00000000
00010001
00000011
00000000

00000011
10100000
10100000
00000000
01000000
00000000
00000000
00000000

01010000
00110100
00100001
00000000
10000000
00000010
10000000
00000000

00010000
00110000
00000001
10000011
00000000
00000000
10000000
01000000

01000000
00000000
00000000
00000001
00000001
00100001
00010010
00000000

00000001
00000000
00000100
00000000
00100100
10000000
10101000
00100000

00000010
00000000
00000000
00000010
00001000
00001010
00100000
00000000

10001000
00000100
01001100
00000000
10000000
00000000
00100000
00001010

00000000
01001000
00000010
00000000
00000000
00001010
00000010
00000000

00001001
10001000
10000000
00010000
01000000
00000000
00000000
00000000

00011000
00000100
00000000
00000001
00000000
00000000
00000000
11000000

00000001
00000100
10000000
00100000
00000000
00000000
01000000
00010100

00000101
00000000
00100000
00000000
00100000
01100000
00000000
00001000

00000001
00010010
00000000
10000001
00000001
00000000
00000000
00000100

00100000
01000000
00000000
00000000
00000011
00000000
00100001
00010001

00010000
00000010
00000001
00000000
00000000
00100000
00000000
01010000

00000100
00000001
00000011
00100000
00000100
00000000
00000000
00000000

00000100
01010000
01000000
00000100
00000001
00000000
00010000
00000000

10100000
01000000
01000100
00000000
00100000
00100000
00000000
10000100

01000000
00010000
10000010
00010000
00000001
00000101
00000000
00000000

00000000
01001000
00010100
00000000
00000000
10000001
00000000
00000000

00000001
00000000
01010000
00000000
00000100
00000000
10000000
11000000

00000000
00000100
01000000
01001000
01000000
00001000
10000100
00000000

00000100
00001001
00100000
00000000
00000000
00000010
00100000
00000000

10000000
01000000
00001000
01000010
00000000
00000000
00100000
00000100

01000100
00000000
10010010
00001000
00100010
10100000
00000000
00000000

00000000
00000100
00000000
10000000
00000100
00000000
10000100
00001000

00010000
01000010
00001000
00000000
00010000
00000001
00100000
00000000

00001000
00000100
00000000
00001000
00000000
00010010
00110110
00000000

00100001
00100000
00001000
00010010
00000110
00000010
00000000
00000100

